1185
1579
1430
1346
1128
1963
1981
1074
1042
1832
1014
1387
1289
1227
1603
1413
1445
1622
1878
1180
1226
1337
1983
1411
1778
1908
1285
1014
1879
1080
1336
1784
1054
1913
1938
1025
1416
1474
1349
1092
1947
1444
1856
1714
1412
1107
1663
1792
1565
1709
1296
1210
1046
1136
1675
1974
1916
1746
1222
1769
1479
1473
1950
1140
1386
1515
1616
1643
1884
1684
1855
1787
1301
1277
1607
1640
1148
1856
1120
1491
1953
1699
1196
1214
1512
1042
1766
1724
1240
1858
1182
1885
1095
1873
1634
1664
1761
1630
1811
1339
1107
1940
1839
1678
1604
1085
1979
1987
1859
1469
1059
1202
1014
1232
1515
1594
1641
1800
1150
1729
1615
1358
1530
1366
1929
1678
1453
1802
1224
1818
1563
1115
1610
1409
1652
1061
1505
1761
1080
1208
1510
1596
1022
1994
1176
1025
1551
1430
1030
1067
1660
1907
1365
1518
1072
1593
1581
1587
1406
1260
1578
1878
1196
1589
1160
1941
1209
1133
1383
1491
1977
1516
1635
1776
1427
1202
1860
1836
1780
1613
1662
1391
1080
1026
1347
1248
1336
1031
1407
1940
1034
1355
1544
1440
1491
1781
1923
1420
1401
1618
1730
1772
1719
1179
1052
1076
1349
1998
1603
1785
1818
1879
1728
1984
1819
1999
1607
1531
1499
1643
1559
1540
1883
1409
1059
1090
1411
1535
1571
1898
1980
1552
1381
1728
1172
1926
1759
1934
1321
1266
1720
1970
1059
1457
1889
1709
1890
1003
1246
1524
1610
1166
1808
1345
1093
1565
1827
1062
1179
1381
1244
1325
1708
1879
1763
1423
1838
1243
1431
1365
1954
1895
1579
1442
1316
1953
1212
1430
1621
1212
1351
1382
1469
1537
2000
1122
1034
1810
1204
1090
1148
1022
1035
1404
1925
1369
1393
1794
1916
1671
1184
1733
1986
1196
1705
1785
1681
1668
1564
1692
1153
1345
1111
1128
1481
1977
1491
1418
1130
1870
1142
1689
1710
1871
1234
1725
1085
1638
1547
1889
1709
1823
1774
1007
1674
1192
1288
1269
1292
1551
1070
1705
1871
1520
1867
1312
1793
1740
1777
1664
1096
1250
1459
1964
1376
1604
1460
1166
1313
1649
1718
1644
1860
1919
1444
1033
1988
1129
1203
1865
1571
1052
1618
1280
1248
1240
1486
1962
1018
1322
1331
1741
1560
1444
1059
1997
1591
1082
1827
1138
1992
1939
1072
1049
1301
1630
1612
1335
1250
1240
1824
1280
1278
1824
1693
1518
1181
1438
1597
1861
1082
1150
1155
1361
1286
1048
1602
1701
1264
1194
1811
1068
1333
1162
1952
1371
1070
1545
1254
1197
1178
1566
1030
1153
1122
1183
1545
1927
1793
1754
1543
1414
1129
1499
1344
1706
1412
1995
1411
1088
1037
1916
1993
1822
1097
1591
1286
1020
1432
1424
1461
1904
1591
1187
1635
1911
1804
1802
1608
1190
1495
1770
1721
1004
1314
1536
1246
1228
1696
1047
1667
1545
1858
1231
1155
1666
1759
1799
1578
1774
1937
1555
1141
1734
1631
1599
1306
1525
1672
1849
1570
1856
1143
1176
1177
1167
1036
1944
1819
1289
1434
1667
1153
1445
1626
1783
1523
1473
1556
1267
1901
1944
1735
1562
1664
1022
1530
1412
1990
1801
1841
1908
1765
1421
1844
1608
1834
1096
1602
1156
1883
1318
1020
1899
1217
1314
1917
1486
1604
1171
1089
1277
1675
1139
1571
1479
1123
1517
1308
1342
1445
1943
1755
1942
1062
1727
1296
1309
1810
1041
1404
1231
1406
1649
1949
1932
1283
1005
1974
1780
1487
1658
1184
1796
1699
1741
1509
1597
1441
1110
1626
1082
1338
1175
1051
1746
1235
1469
1945
1786
1669
1057
1534
1659
1546
1448
1296
1767
1568
1373
1817
1689
1811
1489
1297
1333
1580
1823
1953
1940
1501
1954
1387
1763
1567
1045
1807
1523
1062
1430
1376
1975
1245
1788
1281
1487
1478
1287
1660
1710
1752
1794
1068
1528
1108
1591
1813
1106
1871
1067
1611
1911
1266
1930
1080
1437
1551
1234
1457
1154
1587
1940
1352
1873
1762
1192
1550
1315
1845
1511
1861
1667
1834
1564
1337
1872
1832
1347
1020
1794
1143
1713
1408
1727
2000
1746
1987
1952
1338
1978
1269
1934
1261
1285
1477
1141
1398
1026
1759
1991
1132
1643
1429
1795
1259
1080
1268
1571
1206
1792
1389
1362
1550
1217
1765
1543
1692
1472
1068
1115
1194
1448
1079
1518
1971
1878
1431
1696
1185
1437
1128
1616
1597
1419
1547
1875
1541
1957
1611
1459
1544
1869
1569
1783
1544
1820
1530
1689
1854
1449
1956
1975
1462
1059
1443
1796
1830
1298
1064
1592
1620
1110
1144
1363
1875
1715
1689
1447
1842
1480
1242
1677
1534
1408
1028
1756
1235
1608
1986
1980
1951
1116
1361
1595
1929
1582
1217
1295
1797
1782
1899
1431
1751
1945
1863
1424
1008
1022
1872
1343
1742
1073
1688
1838
1441
1793
1101
1019
1384
1899
1260
1965
1659
1219
1311
1126
1437
1706
1294
1809
1302
1140
1118
1752
1119
1131
1630
1396
1227
1043
1843
1278
1893
1405
1741
1016
1309
1181
1339
1416
1860
1776
1742
1128
1243
1214
1954
1128
1866
1976
1478
1792
1904
1330
1564
1798
1965
1737
1257
1797
1129
1071
1247
1868
1630
1960
1194
1604
1355
1888
1854
1485
1357
1710
1970
1858
1678
1460
1554
1938
1583
1843
1752
1592
1739
1318
1545
1101
1040
1102
1069
1012
1948
1643
1291
1378
1383
1797
1764
1135
1465
1768
1088
1423
1128
1084
1768
1888
1497
1541
1459
1953
1189
1723
1285
1911
1770
1831
1177
1921
1010
1955
1645
1457
1661
1973
1840
1441
1125
1019
1876
1905
1475
1395
1883
1262
1493
1042
1622
1154
1228
1650
1022
1442
1503
1693
1142
1565
1211
1304
1856
1712
1901
1497
1808
1632
1346
1743
1372
1740
1176
1948
1796
1460
1337
1235
1223
1875
1602
1562
1525
1730
1880
1281
1273
1621
1674
1661
1442
1396
1599
1581
1559
1305
1234
1219
1382
1919
1396
1053
1562
1261
1789
1930
1417
1221
1769
1294
1734
1734
1292
1365
1457
1772
1694
1288
1370
1238
1023
1496
1263
1637
1808
1177
1735
1431
1125
1592
1609
1283
1794
1191
1462
1157
1408
1933
1745
1497
1995
1085
1383
1748
1570
1770
1094
1111
1644
1321
1200
1200
1146
1839
1414
1425
1161
1855
1361
1470
1596
1113
1679
1489
1808
1333
1011
1770
1481
1866
1757
1557
1614
1136
1642
1127
1193
1523
1626
1683
1895
1874
1615
1466
1812
1588
1947
1237
1899
1285
1941
1648
1100
1228
1641
1440
1124
1738
1144
1187
1644
1969
1170
1557
1229
1982
1147
1427
1117
1410
1870
1452
1239
1842
1170
1760
1847
1662
1048
1007
1872
1870
1978
1600
1930
1689
1640
1719
1949
1075
1762
1668
1129
1098
1753
1061
1300
1222
1527
1697
1868
1172
1333
1336
1879
1630
1610
1639
1786
1059
1619
1928
1673
1350
1414
1385
1476
1621
1941
1736
1373
1963
1777
1512
1721
1076
1232
1352
1969
1612
1633
1722
1637
1112
1600
1079
1250
1004
1376
1576
1674
1211
1079
1490
1162
1402
1456
1334
1446
1414
1560
1769
1647
1958
1694
1111
1924
1159
1962
1308
1887
1598
1183
1977
1768
1243
1939
1046
1063
1635
1554
1295
1021
1758
1239
1894
1560
1358
1810
1086
1065
1961
1549
1503
1951
1096
1505
1051
1065
1517
1832
1332
1796
1194
1040
1311
1808
1196
1788
1745
1278
1387
1699
1610
1453
1088
1313
1285
1882
1814
1326
1739
1941
1529
1116
1258
1040
1164
1820
1334
1853
1805
1217
1522
1169
1382
1427
1876
1716
1292
1397
1026
1941
1154
1547
1540
1487
1167
1701
1328
1612
1745
1588
1622
1996
1694
1066
1716
1293
1588
1988
1940
1067
1990
1411
1357
1146
1322
1638
1151
1331
1919
1100
1720
1864
1520
1235
1249
1649
1337
1294
1668
1039
1060
1902
1016
1832
1599
1897
1094
1516
1465
1846
1303
1128
1266
1952
1012
1690
1609
1751
1774
1232
1359
1130
1854
1998
1475
1017
1537
1867
1567
1088
1083
1768
1516
1468
1297
1375
1967
1081
1751
1748
1287
1317
1717
1243
1537
1486
1571
1738
1417
1467
1533
1309
1397
1228
1779
1529
1233
1637
1800
1026
1211
1708
1421
1839
1115
1410
1082
1663
1885
1357
1304
1643
1322
1766
1122
1496
1676
1782
1482
1625
1401
1627
1399
1275
1308
1557
1658
1954
1461
1429
1516
1832
1686
1454
1041
1701
1967
1840
1498
1368
1130
1187
1419
1825
1475
1145
1768
1075
1658
1047
1230
1607
1248
1554
1569
1892
1079
1936
1141
1329
1519
1249
1069
1043
1725
1131
1195
1090
1723
1616
1594
1155
1424
1132
1192
1503
1576
1892
1529
1504
1548
1678
1000
1566
1583
1694
1070
1034
1080
1948
1509
1909
1615
1488
1944
1641
1011
1154
1772
1554
1120
1752
1133
1704
1581
1191
1189
1925
1756
1068
1126
1327
1292
1949
1114
1182
1231
1768
1094
1120
1824
1969
1063
1645
1170
1771
1539
1978
1097
1358
1589
1406
1144
1623
1209
1316
1704
1357
1085
1919
1019
1358
1215
1418
1665
1915
1846
1871
1776
1220
1803
1897
1491
1274
1066
1593
1028
1143
1539
1247
1678
1782
1133
1075
1513
1550
1915
1140
1868
1663
1513
1682
1451
1431
1613
1804
1475
1692
1130
1377
1510
1877
1696
1352
1757
1267
1474
1432
1495
1304
1579
1013
1009
1229
1907
1866
1999
1281
1007
1576
1378
1990
1336
1633
1997
1934
1095
1815
1095
1257
1009
1293
1091
1824
1395
1776
1784
1372
1357
1118
1671
1495
1535
1134
1615
1968
1779
1439
1712
1402
1640
1827
1618
1989
1137
1603
1193
1718
1247
1367
1473
1114
1941
1188
1141
1872
1142
1085
1658
1507
1350
1105
1416
1180
1913
1984
1269
1800
1321
1406
1441
1685
1213
1428
1229
1599
1914
1928
1991
1677
1407
1798
1236
1995
1062
1940
1761
1325
1933
1159
1446
1316
1728
1699
1490
1645
1439
1122
1208
1606
1837
1159
1875
1016
1466
1368
1874
1767
1893
1114
1170
1897
1537
1992
1665
1499
1347
1361
1435
1488
1429
1402
1659
1360
1718
1533
1957
1537
1304
1991
1299
1163
1306
1433
1643
1328
1219
1489
1114
1291
1487
1721
1448
1040
1653
1048
1911
1179
1252
1597
1439
1700
1858
1976
1743
1212
1845
1314
1547
1827
1614
1188
1371
1056
1404
1205
1802
1634
1203
1034
1862
1943
1608
1879
1870
1733
1290
1558
1382
1628
1460
1042
1981
1512
1196
1708
1708
1436
1417
1239
1882
1294
1101
1539
1575
1868
1507
1675
1502
1547
1782
1147
1178
1348
1248
1030
1976
1861
1331
1198
1402
1300
1986
1234
1773
1534
1176
1109
1617
1642
1279
1822
1583
1103
1199
1362
1593
1138
1933
1997
1726
1973
1119
1149
1029
1815
1989
1236
1550
1823
1578
1990
1702
1670
1990
1907
1590
1941
1924
1325
1435
1012
1264
1561
1476
1137
1912
1695
1502
1413
1325
1467
1659
1283
1503
1537
1550
1542
1218
1462
1553
1058
1109
1039
1945
1815
1174
1549
1693
1990
1376
1178
1689
1153
1115
1781
1071
1272
1676
1628
1167
1012
1566
1678
1754
1519
1394
1901
1184
1632
1754
1363
1832
1835
1246
1415
1590
1549
1048
1899
1415
1272
1058
1705
1448
1956
1658
1381
1510
1476
1849
1132
1538
1138
1083
1697
1288
1368
1493
1418
1021
1622
1079
1975
1887
1711
1538
1735
1217
1906
1392
1553
1828
1797
1544
1133
1075
1235
1066
1857
1486
1713
1110
1565
1610
1565
1750
1958
1193
1717
1531
1962
1162
1061
1909
1183
1868
1623
1043
1628
1562
1966
1743
1963
1423
1438
1194
1931
1815
1771
1517
1822
1863
1503
1122
1308
1221
1800
1628
1788
1798
1753
1840
1159
1750
1612
1475
1449
1164
1058
1786
1951
1208
1550
1691
1346
1877
1755
1755
1886
1160
1658
1172
1351
1579
1214
1327
1506
1514
1450
1726
1985
1292
1559
1197
1381
1957
1327
1488
1129
1927
1142
1420
1781
1501
1021
1510
1180
1284
1873
1590
1635
1438
1449
1871
1132
1090
1699
1371
